00110001
00110000
00101111
00101111
00101010
00100011
00000000
00000000
00000000
00000000
00101011
01000001
00110000
00101111
00000001
00000000
00000000
00000000
00101011
00001100
00000101
00000101
00000111
01010011
00101111
00000101
00000000
00011000
00101011
01001110
01011100
01000011
00100010
00001001
01010010
01001010
00010011
00000000
00011001
01001110
01011100
01011010
00100110
00011011
00000000
00110000
01011110
01000100
00111001
01001100
01001100
01010110
00110111
00110000
00000000
00000000
00100110
01011001
01000101
00110000
01000110
01010011
00111111
00101100
00110000
00101111
00000000
00110010
01010000
01001010
00101100
00110000
00110000
00110000
00110001
00110000
00110001
00011011
00011100
00111001
01000110
00110000
00110000
00110000
00110000
00110000
00110001
00010010
00000000
00011101
01101100
01011110
00110110
00110000
00110000
00110000
00110000
00110001
00110000
00000100
00000000
00111001
01010100
00101111
00110000
00110000
00110000
00110000
00110000
00110000
00011011
00000000
00110011
01010110
01000000
00110000
00110000
00110000
00110000
00110000
00110000
00110000
00000000
01000010
01100000
01010100
00101100
00110001
00110001
00110001
00110000
00110000
00110000
00110000
00100111
01001011
01001011
00110000
00110000
00110001
00110001
00110000
00110000
00110000
